-344358016692
-439417965291
345528171054
410661810899
129255956240
344226339088
1211883214605
2101219196611
3510793190507
5816880111141
9591254961835
14347726434393
19601379336362
25364213333657
29997171225755
31903341242465
30748495011531
27024057419549
21241786303482
15381560991259
10343942561821
5696545218772
1381150654212
-2051274456457
-3857244806743
-3219713869434
-1169992013004
657086484081
1239931152801
1062801260631
567614561397
-178009379922
-949751652502
-812949260110
205893717012
1044073487707
455544736064
-683319063488
-658664610898
236239767495
611512574612
66699406637
-457084603285
-114984744335
240268993386
229905596269
-15718178710
-75222751824
343001520847
790546425307
1112003807184
1773533468236
3374161962589
5592220872454
8089990174728
11452382798000
15509832202431
19244641787814
21884832429791
23415344886476
23171586194263
20921734756201
17618030852096
14044941176913
10423159527838
6999629592427
3920891064645
949704570013
-1347395196395
-2452916484431
-2188585727632
-1059747536832
-57986452535
529480457306
674288733991
539341657368
356283880764
-76895117747
-616494134067
-541591780612
72685955451
521350718389
452184167289
-167985637914
-468778130097
-142114647135
239150636177
284736502427
2562504974
-229243894989
-125966885767
122910834028
222377406206
14741045662
-148560242665
71532934761
380854330209
491686542063
548480430845
1148967708992
2207653612573
3315688133917
4799253678127
6964598299715
9593056797647
12159466541587
14478444427197
16428631819762
17450499408417
17217307031593
15985363724851
14073584284840
11801931004480
9400919607300
7093730658706
4925834145583
2691379398267
604722723149
-913620851617
-1620058170583
-1545824711872
-963874412005
-224493120928
188904958452
391524059997
470299631815
376074976815
119872628894
-195886169005
-387742177471
-276233178846
62891088808
290491408574
262336774218
9273109080
-206895983144
-200460484147
-1693916613
178645931367
205723049801
-42797050374
-199333831336
-80544860295
150649619760
183673071943
-32116385296
-157276058159
29660489659
246321263918
211940740403
