646803996692
605896142418
579492993319
539595846653
485129244785
434853584001
389296643793
337892111822
292116808068
246982359820
204530291069
171676507442
141241319624
105937481199
75961405554
53436771815
35667459047
18974199543
5830774873
-3046202371
-7324462303
-7844978548
-10593920613
-12799913925
-6824415763
-2462709226
-952521405
-2466330752
1883492426
6668272497
1507168366
1789819718
4321208580
-475921575
-2651930356
-296225730
-898737060
-2757132217
-927183936
2477360116
508139508
1239129508
438998532
570357269
-836252324
-1888069623
103404067
1694438249
-744275440
387040576
1146746459
836508335
-878679094
698579179
1245296467
-1622438007
2209014871
3351318121
2713377227
4166612720
4281975365
6800947703
12317798800
15959776881
20432017328
30112839656
34022937553
43152937824
60351057060
70458397238
85322253585
101727539551
117836819626
139543714108
158478118010
176824298573
200945288211
221841073818
240539388556
262682282572
284334364001
300995487916
318794766316
333937094233
346450374892
352518341434
362444322540
367557033865
363366765013
360071462484
358103961922
347945596353
334560578697
319754950325
305040628505
285215307806
265896764752
244256225783
221051573718
199613256212
176012649940
153053298374
131639514507
114384082291
95906035145
78321927117
62036556051
51456072258
38199689742
24465730222
17641840399
12303686392
7750944324
2450837522
-2862803935
-864085615
-1397066557
-4233510819
-4649927402
410150008
-2006288622
-1143669321
-1583516293
978084855
2812294731
1067907894
-700053297
1520145813
177255335
-61852275
608925823
1657535305
1376664451
-3009794847
-2272307235
659856851
222708908
711128280
2016501887
540670437
-1966113633
-551111727
-327129438
404537635
1817319233
-963027414
-125183172
1073957232
-2084732205
1298180004
