-88918946962
9528861053
117595417919
188910648175
192938871153
130274278656
34265389509
-50426694530
-106405044852
-112056536034
-67916667075
-15539448285
31445265083
65833505140
78738191290
58668269250
9535235698
-42374642902
-64697910248
-40283652156
3670434889
48460847409
60478386587
26733929106
-15092220120
-36295580697
-20461898096
4163216827
25580865863
30118369059
13625423840
-8654228655
-14787078024
-3979417025
10307070955
20911005750
14289906752
1782027993
-5135367086
5748729857
19715711018
22951064047
27555417479
31104722389
53367585806
86066660010
119532192830
169922223368
243596094587
338218456388
455718916009
596730714009
767436804595
963058180839
1173399612840
1384752783178
1582866524503
1767405584335
1918160587670
2012174366956
2056697158710
2053094070943
2002742677757
1915859675792
1803055509885
1676070471791
1534964013546
1384203279466
1217992009485
1043812952398
862705809889
676799137603
497300474413
344873825497
221348607605
113949189355
33551706577
-25083619373
-61438335608
-82266046902
-82972710515
-58626869485
-14476135218
29364638439
63883332578
87404387632
100922092571
95968370382
81145648399
63829622248
41859397331
20783941090
3104693998
1661279998
9531523941
20165758705
25784646159
23719985710
16306965069
6420524811
-39794423584
32237153981
-14887614895
-15709493462
2164286319
-1084242165
-2065266227
-2904004345
1916117940
9456007267
4254623179
-8901018270
2553711587
5595509364
-2814594939
-4860307215
2931725143
-1299112374
5665138204
2700577070
9650891922
1273656719
7038719879
26859548713
23355287595
21288530690
47459731387
70073712342
82366350380
107874128413
141107718232
174957722319
213248074541
256676019059
307809912900
351497452849
402856410558
445911598222
485586070321
538725205156
582391547397
611414317745
643737931958
669020269843
690669058810
709837010724
709760733988
697637323302
691184050702
680550585668
