648493212610368
1000000000000000
360213573383735
-29689027142447
-21783111345414
18117124953945
5553933595830
80639211674029
207739562036078
290310383433145
116094221097781
-52555536854317
-13772672010972
14121717818043
-288363995951
-5200617491399
6358710871253
362667129815
18389558388068
43145438558039
98426838532991
151192858573986
161477859181253
98611718606268
13925333161837
-24014956174268
-11647506682675
4631892983493
6150701544206
-1695671349855
-3142098945161
2483387412675
294118646091
-765607423724
3697402096131
6106901775465
17640715391960
39237083309142
70083145783216
101944903895432
113120369422452
88560783711654
43587570391226
2385095321572
-11949153735409
-11911857592966
-1763729353482
5778694646690
4295498761867
-3932045231559
-2073053883707
2548224877156
422613514331
-1144331204145
102898709012
893873228269
970882869849
1674050834995
7500334652794
14210559439244
27607801411249
48294559549531
66596515400155
80507957040279
76450186628760
55889652800014
29427956791610
7160327287711
-3642462570745
-8680885158904
-7495392724131
-446903911885
5439125861534
3046480887651
-2656962819596
-2250596486561
1117782463216
1104425906886
81448647411
-824163329565
-288553799901
962172330894
288286197652
-837385644131
1772973383343
2771373061076
4264048260271
10651800594688
18839644346540
29270823779056
43063980152340
53735079925334
58156393897437
54311310415529
41981875638213
26371425143012
13041115098155
3034728489476
-3475436066084
-6219927016220
-4984549259555
-400945112571
2857736067741
2249510411702
1391919244
-1271167921897
-927200094377
146304294295
1031603854915
480357451503
-1001600661653
-481494635850
932147291964
306201663134
-735764785059
94338107649
939276845040
477986857046
1280732482939
3533533903710
6153823981322
10552159497440
17285526610291
25482148542089
33575582214085
40277366767562
43032251148777
40413169593293
33415967724840
11801931004480
9400919607300
7093730658706
4925834145583
2691379398267
604722723149
-913620851617
-1620058170583
-1545824711872
-963874412005
-224493120928
188904958452
391524059997
470299631815
376074976815
119872628894
-195886169005
-387742177471
-276233178846
62891088808
290491408574
262336774218
9273109080
-206895983144
-200460484147
-1693916613
178645931367
205723049801
-42797050374
-199333831336
-80544860295
150649619760
183673071943
-32116385296
-157276058159
29660489659
246321263918
211940740403
