-519493638070
-485010806790
-413125768409
-299468720117
-87149682002
175440040908
362209397887
368988838846
189898182907
-71568022846
-243418093291
-222807348808
-62308984987
72676559211
109707309215
74582945647
29571283299
9477487701
-11817900104
-41677419792
-76325403873
-24067578894
70094561433
108584821176
38316329210
-67612104113
-94207572042
-13975599978
74131880522
82892669486
1749101965
-60855248566
-35862139000
22685181149
48872415352
33763683557
6607259091
-10859385398
17412024676
83334797614
129511604659
166725378632
234714872627
366803321358
610887626107
920644929633
1252808246385
1694265080491
2293675820569
2987187978956
3690385798585
4384589294145
5020384494131
5579644882236
5931918243668
6034179877024
5929710516970
5675645862073
5291043885002
4846359016493
4396849556132
3945006945390
3477784982285
2931333203853
2290896146694
1582134799043
882937208922
312259182245
-90743254305
-288182064715
-326898212946
-281924390211
-240926720665
-200578325792
-111568828156
42540133609
206983398301
312757496919
316152817089
157093401228
-69104586839
-216164879568
-228298335841
-130243242538
-1198753037
96795336840
122588023089
91442090548
53402791502
8150195270
-64240534810
-106101106158
-70870559337
18073249071
105441021485
112176937425
22944657053
-78364120952
-93080583934
-20775544463
62853992009
77910392653
26612263578
-37586685931
-43230579406
-10038280695
27316128641
37307072579
26293374052
-10095816859
-16014511380
8496622455
43539945349
69832760324
73375878971
88425958907
149915283795
266892579627
396569807791
546437176627
750174354989
1041375198562
1395375802519
1799134918070
2227682809897
2690958651575
3139533064768
3543686333057
3854906773650
4041141751145
4102930963318
4036352881850
3859659241560
3616587176005
3338759420682
3043703205079
2760209234427
2481140005010
2156216271657
1792478754855
1400718706193
978969084265
582324159585
246661612608
3287179965
-131741560804
-200339698860
-228941700637
-208053162695
-155183567358
