205071040024
454368967349
940867100127
1465025400523
2119624859257
3126813254876
4528212422118
6135651389929
7859539243443
9617394233558
11213276687496
12429136128397
13024141224999
12923316347119
12270778263034
11144108640979
9694403226097
8084461351320
6513128812358
4921193432754
3308978727641
1758193893261
488607627478
-464769276784
-966963011240
-1050031888210
-800017965253
-434775302963
-3377490824
274752652977
416841430284
299394014614
88652382223
-104260113370
-158563558236
-109937824638
-39040304420
22599797878
60709272816
70341061232
92022768865
-6447120505
-100811908063
-115261337779
38739941158
134745622232
81404714020
-62838630236
-115979766586
-13860300422
111738837110
70417305954
-48847701299
-52333613463
23240187588
92389275819
93047237959
86011124120
158730882967
372682059307
591387828657
881057270357
1363301812713
2015981948360
2902679819248
3927477887787
5143626484356
6437183709484
7745124411281
8817850722904
9651998389263
10065225119557
10047542961377
9641688268862
8915289504339
8015128123865
6971865354279
5869212574219
4693670013265
3496518565533
2234696275956
1129463076687
241856164440
-340657547614
-652256616577
-717482042846
-630515082246
-447484599806
-180864313623
129077467149
360071767428
380421376782
202126403871
-54742784254
-194145066658
-178419947747
-42949548706
78031821308
67143373505
14169235201
14535497078
41803338486
11478930731
-42274568676
-59833244486
-18800405265
67297406871
94013417622
-7213155072
-77816953126
-45241787937
45884377619
58417913466
26974062031
-35254874003
-39156368290
26186980776
48462274101
38584376937
25257357214
42550648010
115847499707
220727005538
335532343327
485072906014
758112842396
1165418830254
1711045668176
2337054030508
3118778385523
4076901781864
5082475220527
6049945152829
6884978265941
7543315391487
7936645482544
7963853071850
7678444749334
7212502626165
6604198596000
5908126528950
5196721773213
4455173120923
3648944697453
2740850956983
1777849582174
895781643451
189798722371
-273202165297
-480252432070
